2
5
10
12
13
14
15
17
19
22
23
25
26
27
28
31
32
33
34
35
37
38
39
41
44
45
46
47
48
50
51
52
53
56
57
59
63
65
66
67
69
70
71
72
73
74
76
78
79
80
85
86
87
90
92
96
97
101
103
104
110
113
115
116
119
120
121
122
123
124
125
126
128
131
132
135
136
141
142
143
144
145
146
147
148
150
151
152
153
154
155
156
157
158
159
160
161
162
163
168
169
170
175
178
181
182
183
186
189
191
192
194
195
196
199
202
204
206
210
212
213
215
216
219
221
222
223
224
225
226
227
228
229
230
232
233
236
237
238
243
244
245
246
247
248
250
252
253
254
255
257
258
259
260
261
262
263
266
267
269
270
273
274
275
277
278
279
281
282
284
285
286
289
290
291
292
293
294
295
296
297
298
299
300
301
302
303
304
305
308
310
311
312
314
315
316
318
319
320
322
324
327
328
329
331
335
337
339
340
343
344
345
347
348
349
350
351
352
353
355
356
357
358
359
360
361
363
364
366
367
368
369
370
371
372
373
374
375
376
377
378
379
380
381
382
383
385
386
387
388
391
392
393
394
395
396
397
398
399
400
401
402
403
404
406
407
408
409
410
411
414
415
417
418
419
420
421
422
423
424
425
427
428
429
430
431
432
434
436
437
438
439
440
441
442
443
444
445
446
447
448
449
450
451
452
453
454
455
456
457
459
460
461
462
463
464
465
466
467
468
469
470
471
472
473
475
476
477
478
479
480
481
482
483
484
485
486
487
488
489
490
491
492
493
495
496
497
498
499
500
501
502
503
504
505
506
507
509
511
512
513
514
516
517
518
519
520
521
522
523
524
525
526
527
528
529
530
531
533
534
535
536
537
538
539
540
541
543
544
545
546
547
549
550
551
552
553
554
555
556
557
558
559
560
561
562
563
564
565
566
567
568
569
572
573
574
575
576
577
578
579
580
581
584
585
586
587
591
593
595
596
597
598
600
603
604
605
606
607
608
609
610
611
612
614
615
616
617
618
619
620
621
623
624
625
626
627
629
630
632
633
637
638
639
640
641
642
644
645
646
648
649
652
654
655
656
657
659
661
662
663
664
665
666
667
668
669
670
672
673
674
675
678
679
680
681
682
683
684
686
687
689
690
692
693
694
695
696
697
698
699
700
701
702
703
706
708
711
712
718
721
727
728
730
731
732
735
737
740
741
745
747
748
752
753
761
762
763
765
767
774
776
777
778
780
781
782
783
786
788
789
790
791
792
794
795
797
804
807
812
815
816
818
819
822
824
825
826
829
830
834
837
838
839
840
841
844
845
846
847
848
851
852
856
857
858
859
861
864
866
867
868
869
871
872
874
876
878
879
880
882
883
884
885
886
887
888
889
890
892
894
896
897
899
900
903
904
907
911
912
913
914
916
917
919
920
921
922
923
924
925
927
928
929
930
931
933
934
935
936
938
939
940
941
945
948
949
950
951
954
955
956
957
958
960
962
963
965
