9
14
15
32
33
35
36
39
40
41
46
51
52
60
65
67
68
71
73
74
76
77
79
82
83
86
88
90
91
93
97
101
106
109
111
115
122
123
126
128
131
132
135
136
139
141
142
144
152
153
155
157
162
172
183
184
192
195
197
204
205
206
209
210
211
216
222
226
228
229
232
233
234
235
238
240
242
251
253
254
255
258
262
264
265
269
274
276
277
278
281
282
284
285
288
289
290
291
292
296
297
298
302
303
305
306
307
313
315
321
329
331
333
339
341
342
345
348
357
361
367
368
372
374
376
377
378
379
380
381
382
384
385
386