5
10
12
13
14
15
17
19
22
23
24
25
28
31
32
33
34
35
37
38
39
41
42
43
45
46
51
52
53
56
57
59
63
66
67
69
70
71
72
73
74
76
78
80
85
86
89
90
92
96
97
101
103
104
109
110
113
115
116
119
120
122
124
125
126
131
132
134
135
136
138
142
143
144
145
146
147
148
151
152
154
158
159
160
161
162
168
169
170
174
175
178
181
182
183
186
187
189
191
192
194
196
199
202
204
205
206
207
208
210
212
213
215
216
219
220
221
222
223
225
226
227
228
229
231
232
233
236
238
240
242
244
245
246
247
248
250
252
253
254
255
257
258
259
260
261
262
263
266
267
269
270
273
274
275
277
278
279
281
284
285
286
289
291
292
293
294
295
296
297
298
299
300
301
302
303
304
307
308
310
311
312
314
315
316
317
318
319
320
322
323
324
327
328
329
330
331
332
333
335
337
338
340
343
345
346
347
348
349
352
353
355
356
357
358
361
363
366
367
368
369
370
372
373
374
377
378
379
380
381
382
383
385
386
387
388
390
391
392
393
394
395
396
397
398
399
400
401
402
403
404
406
408
409
410
411
413
415
418
419
420
421
422
425
427
428
429
431
432
434
436
438
440
441
442
443
444
445
446
447
448
449
450
451
452
453
455
457
459
460
461
462
463
464
465
466
467
468
469
470
471
472
473
475
476
477
478
482
483
484
485
487
489
490
491
492
493
495
496
497
498
499
500
502
503
504
505
506
507
509
510
511
512
513
514
515
516
517
518
519
522
523
524
525
526
527
528
530
531
532
534
535
536
538
539
541
542
544
545
546
547
549
550
551
552
553
554
555
556
557
558
560
561
562
563
564
565
566
569
570
571
572
573
575
577
578
580
581
584
585
586
587
588
589
593
595
596
597
598
600
603
604
606
608
609
610
611
612
614
615
616
617
618
619
620
621
623
624
625
626
627
629
630
634
636
637
638
639
640
641
642
644
645
646
649
650
652
654
655
656
657
659
661
662
663
665
666
667
668
669
670
671
672
673
674
675
677
678
679
680
681
682
683
684
685
686
687
689
690
691
692
693
694
695
696
697
698
699
701
702
703
706
712
718
721
724
725
727
730
735
737
738
740
741
745
747
752
761
762
765
774
776
777
778
780
781
782
783
785
786
788
789
791
792
794
795
797
801
804
807
811
816
818
819
822
825
826
830
834
837
838
840
841
843
845
846
847
848
850
851
852
859
861
866
867
868
871
872
876
878
879
882
883
885
887
888
889
890
894
895
896
899
900
902
904
906
907
909
910
911
912
913
914
915
916
917
918
919
920
921
922
923
924
925
927
928
929
930
931
932
933
935
936
938
940
941
942
945
948
949
950
952
954
955
956
957
958
960
962
963
965
